# blastp
# Iteration: 0
# Query: seq_L_lactis_lactis_ORF5_1
# RID: MNJJRC52013
# Database: nr
# Fields: query acc.ver, subject acc.ver, % identity, alignment length, mismatches, gap opens, q. start, q. end, s. start, s. end, evalue, bit score, % positives
# 100 hits found
seq_L_lactis_lactis_ORF5_1	Q03202.1	100.000	382	0	0	1	382	37	418	0.0	769	100.00
seq_L_lactis_lactis_ORF5_1	WP_043991124.1	100.000	382	0	0	1	382	33	414	0.0	768	100.00
seq_L_lactis_lactis_ORF5_1	MDU0402721.1	99.738	382	1	0	1	382	1	382	0.0	768	100.00
seq_L_lactis_lactis_ORF5_1	WP_232626171.1	100.000	382	0	0	1	382	34	415	0.0	768	100.00
seq_L_lactis_lactis_ORF5_1	WP_095586747.1	99.738	382	1	0	1	382	33	414	0.0	766	99.74
seq_L_lactis_lactis_ORF5_1	WP_015425981.1	99.738	382	1	0	1	382	33	414	0.0	766	99.74
seq_L_lactis_lactis_ORF5_1	WP_029344967.1	99.738	382	1	0	1	382	34	415	0.0	766	99.74
seq_L_lactis_lactis_ORF5_1	MDN6030508.1	99.738	382	1	0	1	382	33	414	0.0	765	99.74
seq_L_lactis_lactis_ORF5_1	WP_032398600.1	99.476	382	2	0	1	382	33	414	0.0	764	99.74
seq_L_lactis_lactis_ORF5_1	MCI2095599.1	99.476	382	2	0	1	382	34	415	0.0	764	99.74
seq_L_lactis_lactis_ORF5_1	WP_230593133.1	99.476	382	2	0	1	382	34	415	0.0	764	99.74
seq_L_lactis_lactis_ORF5_1	WP_039114826.1	99.476	382	2	0	1	382	33	414	0.0	764	99.74
seq_L_lactis_lactis_ORF5_1	WP_191670026.1	99.476	382	2	0	1	382	33	414	0.0	764	99.74
seq_L_lactis_lactis_ORF5_1	2G02_A	100.000	379	0	0	1	379	31	409	0.0	762	100.00
seq_L_lactis_lactis_ORF5_1	WP_235585319.1	98.691	382	5	0	1	382	34	415	0.0	758	98.95
seq_L_lactis_lactis_ORF5_1	WP_038599680.1	98.691	382	5	0	1	382	33	414	0.0	757	98.95
seq_L_lactis_lactis_ORF5_1	MDU0410614.1	98.429	382	6	0	1	382	1	382	0.0	757	98.95
seq_L_lactis_lactis_ORF5_1	WP_259390996.1	98.429	382	6	0	1	382	34	415	0.0	756	98.69
seq_L_lactis_lactis_ORF5_1	RJK90304.1	98.429	382	6	0	1	382	33	414	0.0	756	98.69
seq_L_lactis_lactis_ORF5_1	WP_278200165.1	98.429	382	6	0	1	382	33	414	0.0	755	98.69
seq_L_lactis_lactis_ORF5_1	MDG4979338.1	98.429	382	6	0	1	382	34	415	0.0	755	98.69
seq_L_lactis_lactis_ORF5_1	WP_242417825.1	98.429	382	6	0	1	382	34	415	0.0	755	98.69
seq_L_lactis_lactis_ORF5_1	CAA79470.1	98.429	382	6	0	1	382	37	418	0.0	754	98.69
seq_L_lactis_lactis_ORF5_1	WP_301675798.1	98.168	382	7	0	1	382	34	415	0.0	754	98.69
seq_L_lactis_lactis_ORF5_1	WP_251900761.1	98.429	382	6	0	1	382	34	415	0.0	754	98.69
seq_L_lactis_lactis_ORF5_1	WP_026138874.1	98.429	382	6	0	1	382	34	415	0.0	753	98.69
seq_L_lactis_lactis_ORF5_1	WP_017864236.1	98.429	382	6	0	1	382	33	414	0.0	753	98.69
seq_L_lactis_lactis_ORF5_1	WP_235586216.1	98.168	382	7	0	1	382	34	415	0.0	753	98.69
seq_L_lactis_lactis_ORF5_1	KST99611.1	98.168	382	7	0	1	382	33	414	0.0	752	98.69
seq_L_lactis_lactis_ORF5_1	WP_317141456.1	98.158	380	7	0	1	380	34	413	0.0	749	98.68
seq_L_lactis_lactis_ORF5_1	WP_315990997.1	98.649	370	5	0	13	382	1	370	0.0	734	98.92
seq_L_lactis_lactis_ORF5_1	WP_270342831.1	98.300	353	6	0	1	353	33	385	0.0	694	98.87
seq_L_lactis_lactis_ORF5_1	WP_139008742.1	80.840	381	73	0	1	381	33	413	0.0	620	92.39
seq_L_lactis_lactis_ORF5_1	WP_235187778.1	92.058	277	22	0	106	382	1	277	1.14e-168	493	95.31
seq_L_lactis_lactis_ORF5_1	WP_260468495.1	62.797	379	141	0	1	379	33	411	6.72e-167	494	81.53
seq_L_lactis_lactis_ORF5_1	WP_020998762.1	62.797	379	141	0	1	379	33	411	7.41e-167	494	81.27
seq_L_lactis_lactis_ORF5_1	WP_048786790.1	62.797	379	141	0	1	379	33	411	1.21e-166	493	81.00
seq_L_lactis_lactis_ORF5_1	PMR63760.1	62.797	379	141	0	1	379	37	415	2.59e-166	493	81.00
seq_L_lactis_lactis_ORF5_1	WP_253665831.1	62.797	379	141	0	1	379	33	411	4.46e-166	492	81.00
seq_L_lactis_lactis_ORF5_1	MDN6665000.1	95.417	240	9	1	145	382	6	245	2.12e-159	468	97.50
seq_L_lactis_lactis_ORF5_1	WP_257788761.1	95.417	240	9	1	145	382	13	252	2.38e-159	468	97.50
seq_L_lactis_lactis_ORF5_1	WP_308781485.1	95.417	240	9	1	145	382	14	253	3.00e-159	468	97.50
seq_L_lactis_lactis_ORF5_1	WP_333563060.1	99.559	227	1	0	156	382	1	227	1.36e-158	465	100.00
seq_L_lactis_lactis_ORF5_1	ANU04785.1	99.558	226	1	0	157	382	1	226	8.36e-158	463	100.00
seq_L_lactis_lactis_ORF5_1	AKB95122.1	61.538	377	144	1	1	377	33	408	8.38e-155	463	78.78
seq_L_lactis_lactis_ORF5_1	AII12750.1	91.700	253	21	0	130	382	1	253	3.34e-152	450	94.86
seq_L_lactis_lactis_ORF5_1	WP_195320625.1	59.947	377	150	1	1	377	33	408	1.00e-151	455	78.51
seq_L_lactis_lactis_ORF5_1	WP_038675133.1	54.133	375	170	2	1	375	33	405	5.01e-142	430	75.47
seq_L_lactis_lactis_ORF5_1	AEX55161.1	54.133	375	170	2	1	375	33	405	1.70e-141	429	75.20
seq_L_lactis_lactis_ORF5_1	WP_175063856.1	53.867	375	171	2	1	375	33	405	4.19e-141	427	75.20
seq_L_lactis_lactis_ORF5_1	WP_293927884.1	53.867	375	171	2	1	375	33	405	4.43e-141	427	75.20
seq_L_lactis_lactis_ORF5_1	WP_160995820.1	52.243	379	169	6	1	375	36	406	1.38e-115	362	71.77
seq_L_lactis_lactis_ORF5_1	WP_160987967.1	52.243	379	169	6	1	375	36	406	1.51e-115	362	71.77
seq_L_lactis_lactis_ORF5_1	WP_117641665.1	52.243	379	169	6	1	375	36	406	1.66e-115	362	71.77
seq_L_lactis_lactis_ORF5_1	WP_160995036.1	52.243	379	169	6	1	375	36	406	1.76e-115	362	71.77
seq_L_lactis_lactis_ORF5_1	WP_223688807.1	52.243	379	169	6	1	375	36	406	2.25e-115	362	72.03
seq_L_lactis_lactis_ORF5_1	WP_160998371.1	52.243	379	169	6	1	375	36	406	3.35e-115	361	71.77
seq_L_lactis_lactis_ORF5_1	WP_270354997.1	51.979	379	170	6	1	375	36	406	5.74e-115	360	71.50
seq_L_lactis_lactis_ORF5_1	WP_160999669.1	51.979	379	170	6	1	375	36	406	1.11e-114	360	71.50
seq_L_lactis_lactis_ORF5_1	OQR12675.1	51.979	379	170	6	1	375	33	403	1.51e-114	359	71.50
seq_L_lactis_lactis_ORF5_1	WP_143455545.1	51.979	379	170	6	1	375	36	406	1.90e-114	359	71.50
seq_L_lactis_lactis_ORF5_1	WP_160997576.1	51.979	379	170	6	1	375	36	406	2.65e-114	359	71.24
seq_L_lactis_lactis_ORF5_1	EHG13374.1	61.832	262	100	0	118	379	10	271	8.46e-109	340	80.15
seq_L_lactis_lactis_ORF5_1	WP_230451227.1	61.832	262	100	0	118	379	8	269	8.60e-109	340	80.15
seq_L_lactis_lactis_ORF5_1	WP_241689453.1	51.979	379	170	6	1	375	630	1000	1.02e-108	362	71.50
seq_L_lactis_lactis_ORF5_1	WP_151620473.1	61.832	262	100	0	118	379	10	271	2.28e-108	338	79.77
seq_L_lactis_lactis_ORF5_1	WP_205014885.1	45.153	392	197	3	1	377	34	422	1.74e-107	342	66.33
seq_L_lactis_lactis_ORF5_1	HIS18758.1	53.731	335	145	5	1	331	36	364	4.71e-105	333	73.43
seq_L_lactis_lactis_ORF5_1	HEK9983017.1	46.684	392	191	4	1	377	34	422	3.65e-101	326	66.07
seq_L_lactis_lactis_ORF5_1	HEM3075190.1	45.408	392	196	3	1	377	34	422	6.17e-101	325	66.84
seq_L_lactis_lactis_ORF5_1	WP_277842413.1	47.135	384	187	8	1	376	1	376	8.24e-101	323	67.97
seq_L_lactis_lactis_ORF5_1	HFU3861907.1	47.135	384	187	8	1	376	1	376	1.13e-100	323	67.97
seq_L_lactis_lactis_ORF5_1	WP_024413655.1	45.408	392	196	3	1	377	34	422	3.25e-100	323	66.58
seq_L_lactis_lactis_ORF5_1	WP_024378762.1	47.135	384	187	8	1	376	35	410	3.58e-100	323	67.97
seq_L_lactis_lactis_ORF5_1	WP_050572115.1	47.135	384	187	8	1	376	36	411	3.69e-100	323	67.97
seq_L_lactis_lactis_ORF5_1	WP_050571368.1	47.135	384	187	8	1	376	36	411	3.85e-100	323	67.97
seq_L_lactis_lactis_ORF5_1	WP_049523505.1	46.036	391	193	4	1	376	34	421	3.90e-100	323	66.50
seq_L_lactis_lactis_ORF5_1	WP_024375791.1	47.135	384	187	8	1	376	35	410	4.07e-100	323	67.97
seq_L_lactis_lactis_ORF5_1	WP_044755816.1	47.135	384	187	8	1	376	35	410	4.83e-100	322	67.97
seq_L_lactis_lactis_ORF5_1	WP_079396656.1	47.135	384	187	8	1	376	36	411	5.04e-100	322	67.97
seq_L_lactis_lactis_ORF5_1	WP_238719282.1	45.408	392	196	3	1	377	34	422	5.67e-100	323	66.33
seq_L_lactis_lactis_ORF5_1	WP_002943314.1	45.663	392	195	3	1	377	34	422	6.38e-100	322	66.33
seq_L_lactis_lactis_ORF5_1	HGI2792212.1	45.685	394	192	4	1	377	34	422	6.45e-100	322	66.24
seq_L_lactis_lactis_ORF5_1	HGC7120558.1	45.408	392	196	3	1	377	34	422	6.52e-100	322	66.33
seq_L_lactis_lactis_ORF5_1	HEL1660878.1	45.663	392	195	3	1	377	34	422	6.52e-100	322	66.33
seq_L_lactis_lactis_ORF5_1	WP_023649341.1	47.135	384	187	8	1	376	36	411	6.59e-100	322	67.97
seq_L_lactis_lactis_ORF5_1	HFH8413050.1	45.408	392	196	3	1	377	34	422	6.73e-100	322	66.33
seq_L_lactis_lactis_ORF5_1	WP_000344171.1	45.408	392	196	3	1	377	34	422	6.73e-100	322	66.33
seq_L_lactis_lactis_ORF5_1	WP_017768974.1	47.135	384	187	8	1	376	35	410	7.10e-100	322	67.97
seq_L_lactis_lactis_ORF5_1	WP_330558098.1	45.408	392	196	3	1	377	34	422	7.33e-100	322	66.33
seq_L_lactis_lactis_ORF5_1	HEO1958602.1	45.408	392	196	3	1	377	34	422	7.57e-100	322	66.33
seq_L_lactis_lactis_ORF5_1	WP_257070053.1	45.408	392	196	3	1	377	34	422	7.73e-100	322	66.33
seq_L_lactis_lactis_ORF5_1	HGD0179299.1	45.408	392	196	3	1	377	34	422	1.03e-99	322	66.07
seq_L_lactis_lactis_ORF5_1	WP_070043524.1	45.153	392	197	3	1	377	34	422	1.09e-99	322	66.07
seq_L_lactis_lactis_ORF5_1	WP_099266040.1	45.408	392	196	3	1	377	34	422	1.11e-99	322	66.33
seq_L_lactis_lactis_ORF5_1	HFH6759536.1	45.408	392	196	3	1	377	34	422	1.62e-99	322	66.07
seq_L_lactis_lactis_ORF5_1	HFU9404034.1	45.408	392	196	3	1	377	34	422	1.75e-99	321	66.33
seq_L_lactis_lactis_ORF5_1	HFH7512622.1	45.408	392	196	3	1	377	34	422	1.76e-99	321	66.33
seq_L_lactis_lactis_ORF5_1	WP_013851899.1	45.663	392	195	3	1	377	34	422	1.86e-99	321	66.33
seq_L_lactis_lactis_ORF5_1	HEL1643935.1	45.408	392	196	3	1	377	34	422	1.96e-99	321	66.33


