# blastp
# Iteration: 0
# Query: seq_L_lactis_lactis_ORF1_1
# RID: MNH6R11J016
# Database: nr
# Fields: query acc.ver, subject acc.ver, % identity, alignment length, mismatches, gap opens, q. start, q. end, s. start, s. end, evalue, bit score, % positives
# 100 hits found
seq_L_lactis_lactis_ORF1_1	WP_128268084.1	100.000	78	0	0	461	538	1	78	4.08e-42	162	100.00
seq_L_lactis_lactis_ORF1_1	WP_014570409.1	100.000	78	0	0	461	538	1	78	4.26e-42	162	100.00
seq_L_lactis_lactis_ORF1_1	AAQ89591.1	98.718	78	1	0	461	538	1	78	1.16e-41	161	100.00
seq_L_lactis_lactis_ORF1_1	WP_015425983.1	98.718	78	1	0	461	538	1	78	1.46e-41	161	98.72
seq_L_lactis_lactis_ORF1_1	WP_039114828.1	97.436	78	2	0	461	538	1	78	4.61e-41	160	97.44
seq_L_lactis_lactis_ORF1_1	WP_042748180.1	97.436	78	2	0	461	538	1	78	4.80e-41	160	97.44
seq_L_lactis_lactis_ORF1_1	WP_060416376.1	97.436	78	2	0	461	538	1	78	4.80e-41	160	97.44
seq_L_lactis_lactis_ORF1_1	WP_259692729.1	97.436	78	2	0	461	538	1	78	5.11e-41	159	97.44
seq_L_lactis_lactis_ORF1_1	MCG6978736.1	94.872	78	4	0	461	538	1	78	5.57e-41	155	97.44
seq_L_lactis_lactis_ORF1_1	WP_200984849.1	97.436	78	2	0	461	538	1	78	8.39e-41	159	97.44
seq_L_lactis_lactis_ORF1_1	WP_063280706.1	97.436	78	2	0	461	538	1	78	9.60e-41	159	97.44
seq_L_lactis_lactis_ORF1_1	WP_236620808.1	94.872	78	4	0	461	538	1	78	2.51e-40	155	97.44
seq_L_lactis_lactis_ORF1_1	WP_270342830.1	96.154	78	3	0	461	538	1	78	5.28e-40	157	97.44
seq_L_lactis_lactis_ORF1_1	WP_301503521.1	96.154	78	3	0	461	538	1	78	5.44e-40	157	96.15
seq_L_lactis_lactis_ORF1_1	WP_058219591.1	96.154	78	3	0	461	538	1	78	5.50e-40	157	97.44
seq_L_lactis_lactis_ORF1_1	WP_058204581.1	96.154	78	3	0	461	538	1	78	5.50e-40	157	97.44
seq_L_lactis_lactis_ORF1_1	WP_250354399.1	94.872	78	4	0	461	538	1	78	1.78e-39	155	97.44
seq_L_lactis_lactis_ORF1_1	WP_305774451.1	94.872	78	4	0	461	538	1	78	1.86e-39	155	97.44
seq_L_lactis_lactis_ORF1_1	WP_058221042.1	94.872	78	4	0	461	538	1	78	1.90e-39	155	97.44
seq_L_lactis_lactis_ORF1_1	WP_278200164.1	94.872	78	4	0	461	538	1	78	1.90e-39	155	97.44
seq_L_lactis_lactis_ORF1_1	WP_058208041.1	94.872	78	4	0	461	538	1	78	1.96e-39	155	97.44
seq_L_lactis_lactis_ORF1_1	WP_313791809.1	94.872	78	4	0	461	538	1	78	1.98e-39	155	97.44
seq_L_lactis_lactis_ORF1_1	WP_058205263.1	94.872	78	4	0	461	538	1	78	2.28e-39	155	97.44
seq_L_lactis_lactis_ORF1_1	WP_017864237.1	94.872	78	4	0	461	538	1	78	6.74e-39	154	96.15
seq_L_lactis_lactis_ORF1_1	WP_058211230.1	94.872	78	4	0	461	538	1	78	7.78e-39	154	96.15
seq_L_lactis_lactis_ORF1_1	WP_315992104.1	92.308	78	6	0	461	538	1	78	1.09e-38	150	96.15
seq_L_lactis_lactis_ORF1_1	WP_301675799.1	93.590	78	5	0	461	538	1	78	1.22e-37	150	96.15
seq_L_lactis_lactis_ORF1_1	WP_012897848.1	89.744	78	8	0	461	538	1	78	6.72e-37	149	94.87
seq_L_lactis_lactis_ORF1_1	WP_139008743.1	74.359	78	20	0	461	538	1	78	4.35e-29	127	91.03
seq_L_lactis_lactis_ORF1_1	2N32_A	100.000	58	0	0	481	538	1	58	2.41e-28	120	100.00
seq_L_lactis_lactis_ORF1_1	5XHB_A	95.000	60	3	0	479	538	1	60	1.27e-25	117	95.00
seq_L_lactis_lactis_ORF1_1	WP_137365191.1	95.918	49	2	0	490	538	1	49	6.96e-21	99.4	95.92
seq_L_lactis_lactis_ORF1_1	MEG1313992.1	100.000	48	0	0	1	48	332	379	2.33e-20	105	100.00
seq_L_lactis_lactis_ORF1_1	WP_058219590.1	100.000	48	0	0	1	48	553	600	7.08e-20	106	100.00
seq_L_lactis_lactis_ORF1_1	WP_038599678.1	100.000	48	0	0	1	48	553	600	7.21e-20	106	100.00
seq_L_lactis_lactis_ORF1_1	WP_095586746.1	100.000	48	0	0	1	48	553	600	7.28e-20	106	100.00
seq_L_lactis_lactis_ORF1_1	WP_270244987.1	100.000	48	0	0	1	48	553	600	7.28e-20	106	100.00
seq_L_lactis_lactis_ORF1_1	WP_252160261.1	100.000	48	0	0	1	48	553	600	7.28e-20	106	100.00
seq_L_lactis_lactis_ORF1_1	WP_251900764.1	100.000	48	0	0	1	48	553	600	7.28e-20	106	100.00
seq_L_lactis_lactis_ORF1_1	WP_305774450.1	100.000	48	0	0	1	48	553	600	7.28e-20	106	100.00
seq_L_lactis_lactis_ORF1_1	WP_058205264.1	100.000	48	0	0	1	48	553	600	7.28e-20	106	100.00
seq_L_lactis_lactis_ORF1_1	WP_015425980.1	100.000	48	0	0	1	48	553	600	7.28e-20	106	100.00
seq_L_lactis_lactis_ORF1_1	WP_104143812.1	100.000	48	0	0	1	48	553	600	7.28e-20	106	100.00
seq_L_lactis_lactis_ORF1_1	WP_270342832.1	100.000	48	0	0	1	48	553	600	7.28e-20	106	100.00
seq_L_lactis_lactis_ORF1_1	WP_039114824.1	100.000	48	0	0	1	48	553	600	7.34e-20	106	100.00
seq_L_lactis_lactis_ORF1_1	WP_017864235.1	100.000	48	0	0	1	48	553	600	7.48e-20	106	100.00
seq_L_lactis_lactis_ORF1_1	WP_014570407.1	100.000	48	0	0	1	48	553	600	7.61e-20	106	100.00
seq_L_lactis_lactis_ORF1_1	Q03203.1	100.000	48	0	0	1	48	553	600	7.89e-20	106	100.00
seq_L_lactis_lactis_ORF1_1	WP_058204580.1	97.917	48	1	0	1	48	553	600	2.91e-19	104	97.92
seq_L_lactis_lactis_ORF1_1	WP_191670025.1	97.917	48	1	0	1	48	553	600	5.36e-19	103	97.92
seq_L_lactis_lactis_ORF1_1	WP_139008741.1	93.750	48	3	0	1	48	553	600	6.42e-18	100	97.92
seq_L_lactis_lactis_ORF1_1	MDN6095967.1	100.000	41	0	0	498	538	1	41	1.33e-14	85.5	100.00
seq_L_lactis_lactis_ORF1_1	WP_125396438.1	75.556	45	11	0	1	45	552	596	7.25e-12	81.6	93.33
seq_L_lactis_lactis_ORF1_1	WP_048786791.1	75.556	45	11	0	1	45	552	596	7.38e-12	81.6	93.33
seq_L_lactis_lactis_ORF1_1	WP_020998763.1	75.556	45	11	0	1	45	552	596	7.44e-12	81.6	93.33
seq_L_lactis_lactis_ORF1_1	AKB95121.1	74.468	47	12	0	1	47	553	599	3.83e-11	79.3	87.23
seq_L_lactis_lactis_ORF1_1	WP_195320624.1	72.340	47	13	0	1	47	553	599	9.30e-11	78.2	87.23
seq_L_lactis_lactis_ORF1_1	WP_205029440.1	57.778	45	19	0	1	45	71	115	8.15e-08	63.2	88.89
seq_L_lactis_lactis_ORF1_1	HFR3977991.1	57.778	45	19	0	1	45	76	120	1.15e-07	63.2	88.89
seq_L_lactis_lactis_ORF1_1	WP_395328498.1	57.778	45	19	0	1	45	77	121	1.21e-07	63.2	88.89
seq_L_lactis_lactis_ORF1_1	HEM2852498.1	57.778	45	19	0	1	45	84	128	1.21e-07	63.2	88.89
seq_L_lactis_lactis_ORF1_1	HEL1183281.1	56.522	46	20	0	1	46	65	110	1.24e-07	62.8	80.43
seq_L_lactis_lactis_ORF1_1	HEL0723081.1	56.522	46	20	0	1	46	77	122	1.82e-07	62.8	80.43
seq_L_lactis_lactis_ORF1_1	HFU3861967.1	57.778	45	19	0	1	45	181	225	6.61e-07	63.5	88.89
seq_L_lactis_lactis_ORF1_1	HFR3796676.1	57.778	45	19	0	1	45	199	243	9.41e-07	63.2	88.89
seq_L_lactis_lactis_ORF1_1	WP_293927883.1	54.167	48	22	0	1	48	107	154	1.30e-06	61.2	81.25
seq_L_lactis_lactis_ORF1_1	HEM4634610.1	57.778	45	19	0	1	45	230	274	1.40e-06	63.2	88.89
seq_L_lactis_lactis_ORF1_1	HEL0569308.1	57.778	45	19	0	1	45	228	272	1.46e-06	63.2	82.22
seq_L_lactis_lactis_ORF1_1	HEL1264945.1	57.778	45	19	0	1	45	247	291	1.69e-06	63.2	82.22
seq_L_lactis_lactis_ORF1_1	HFR3816382.1	57.778	45	19	0	1	45	279	323	1.80e-06	63.5	88.89
seq_L_lactis_lactis_ORF1_1	WP_392365310.1	57.778	45	19	0	1	45	275	319	1.87e-06	63.5	88.89
seq_L_lactis_lactis_ORF1_1	HEL0643183.1	57.778	45	19	0	1	45	318	362	2.14e-06	63.5	82.22
seq_L_lactis_lactis_ORF1_1	NQN80270.1	57.778	45	19	0	1	45	556	600	2.97e-06	63.9	88.89
seq_L_lactis_lactis_ORF1_1	WP_394736267.1	57.778	45	19	0	1	45	547	591	2.99e-06	63.9	88.89
seq_L_lactis_lactis_ORF1_1	HFS1372762.1	57.778	45	19	0	1	45	547	591	2.99e-06	63.9	88.89
seq_L_lactis_lactis_ORF1_1	ESV54012.1	57.778	45	19	0	1	45	556	600	3.00e-06	63.9	88.89
seq_L_lactis_lactis_ORF1_1	AUC92853.1	57.778	45	19	0	1	45	550	594	3.03e-06	63.9	88.89
seq_L_lactis_lactis_ORF1_1	WP_225585635.1	57.778	45	19	0	1	45	547	591	3.05e-06	63.9	88.89
seq_L_lactis_lactis_ORF1_1	HEL1348864.1	57.778	45	19	0	1	45	413	457	3.06e-06	63.5	82.22
seq_L_lactis_lactis_ORF1_1	WP_238137351.1	57.778	45	19	0	1	45	547	591	3.07e-06	63.9	88.89
seq_L_lactis_lactis_ORF1_1	NQO73890.1	57.778	45	19	0	1	45	556	600	3.08e-06	63.9	88.89
seq_L_lactis_lactis_ORF1_1	HEL0588175.1	57.778	45	19	0	1	45	409	453	3.17e-06	63.5	82.22
seq_L_lactis_lactis_ORF1_1	HEK9983016.1	57.778	45	19	0	1	45	554	598	3.36e-06	63.9	82.22
seq_L_lactis_lactis_ORF1_1	HEM5963003.1	57.778	45	19	0	1	45	513	557	3.41e-06	63.5	88.89
seq_L_lactis_lactis_ORF1_1	HEL1247556.1	57.778	45	19	0	1	45	435	479	3.42e-06	63.5	82.22
seq_L_lactis_lactis_ORF1_1	HFQ5616567.1	57.778	45	19	0	1	45	497	541	3.53e-06	63.5	82.22
seq_L_lactis_lactis_ORF1_1	CUW08458.1	60.465	43	17	0	3	45	556	598	3.79e-06	63.5	86.05
seq_L_lactis_lactis_ORF1_1	WP_257641313.1	60.465	43	17	0	3	45	447	489	3.93e-06	63.2	86.05
seq_L_lactis_lactis_ORF1_1	MBM9833436.1	52.174	46	22	0	1	46	50	95	4.76e-06	57.8	80.43
seq_L_lactis_lactis_ORF1_1	AEX55160.1	54.167	48	22	0	1	48	553	600	5.03e-06	63.2	81.25
seq_L_lactis_lactis_ORF1_1	WP_293939652.1	54.167	48	22	0	1	48	553	600	5.88e-06	63.2	81.25
seq_L_lactis_lactis_ORF1_1	WP_052124389.1	54.167	48	22	0	1	48	553	600	5.88e-06	63.2	81.25
seq_L_lactis_lactis_ORF1_1	WP_175063857.1	54.167	48	22	0	1	48	553	600	5.93e-06	63.2	81.25
seq_L_lactis_lactis_ORF1_1	WP_248298029.1	50.000	48	24	0	1	48	67	114	8.01e-06	57.8	79.17
seq_L_lactis_lactis_ORF1_1	WP_153053031.1	50.000	48	24	0	1	48	67	114	9.17e-06	57.4	79.17
seq_L_lactis_lactis_ORF1_1	HEL1089808.1	55.556	45	20	0	1	45	157	201	1.07e-05	59.7	84.44
seq_L_lactis_lactis_ORF1_1	WP_242257950.1	57.778	45	19	0	1	45	550	594	1.12e-05	62.0	84.44
seq_L_lactis_lactis_ORF1_1	HEM3602708.1	53.333	45	21	0	1	45	94	138	1.53e-05	57.4	82.22
seq_L_lactis_lactis_ORF1_1	HEM2918232.1	53.333	45	21	0	1	45	89	133	1.54e-05	57.4	82.22
seq_L_lactis_lactis_ORF1_1	HEM5243416.1	53.333	45	21	0	1	45	93	137	1.56e-05	57.4	82.22


