# blastp
# Iteration: 0
# Query: seq_L_lactis_lactis_ORF2_1
# RID: MNHYAA73013
# Database: nr
# Fields: query acc.ver, subject acc.ver, % identity, alignment length, mismatches, gap opens, q. start, q. end, s. start, s. end, evalue, bit score, % positives
# 100 hits found
seq_L_lactis_lactis_ORF2_1	2N2E_A	100.000	115	0	0	1	115	15	129	6.83e-69	234	100.00
seq_L_lactis_lactis_ORF2_1	MCG6979391.1	100.000	115	0	0	1	115	27	141	1.69e-68	234	100.00
seq_L_lactis_lactis_ORF2_1	MDN6095967.1	100.000	115	0	0	1	115	94	208	1.81e-68	236	100.00
seq_L_lactis_lactis_ORF2_1	MDN5479482.1	100.000	115	0	0	1	115	31	145	3.25e-68	233	100.00
seq_L_lactis_lactis_ORF2_1	WP_058221042.1	100.000	115	0	0	1	115	131	245	6.45e-68	236	100.00
seq_L_lactis_lactis_ORF2_1	WP_058204581.1	100.000	115	0	0	1	115	131	245	6.45e-68	236	100.00
seq_L_lactis_lactis_ORF2_1	AAQ89591.1	100.000	115	0	0	1	115	131	245	7.30e-68	236	100.00
seq_L_lactis_lactis_ORF2_1	WP_015425983.1	100.000	115	0	0	1	115	131	245	7.53e-68	236	100.00
seq_L_lactis_lactis_ORF2_1	WP_014570409.1	100.000	115	0	0	1	115	131	245	7.93e-68	236	100.00
seq_L_lactis_lactis_ORF2_1	WP_058211230.1	100.000	115	0	0	1	115	131	245	1.03e-67	236	100.00
seq_L_lactis_lactis_ORF2_1	WP_012897848.1	99.130	115	1	0	1	115	131	245	1.07e-67	236	100.00
seq_L_lactis_lactis_ORF2_1	WP_017864237.1	100.000	115	0	0	1	115	131	245	1.19e-67	236	100.00
seq_L_lactis_lactis_ORF2_1	WP_313791809.1	99.130	115	1	0	1	115	131	245	2.06e-67	235	100.00
seq_L_lactis_lactis_ORF2_1	WP_039114828.1	99.130	115	1	0	1	115	131	245	2.40e-67	235	100.00
seq_L_lactis_lactis_ORF2_1	WP_305774451.1	99.130	115	1	0	1	115	131	245	2.92e-67	234	99.13
seq_L_lactis_lactis_ORF2_1	WP_250354399.1	99.130	115	1	0	1	115	131	245	2.95e-67	234	99.13
seq_L_lactis_lactis_ORF2_1	WP_270342830.1	99.130	115	1	0	1	115	131	245	3.83e-67	234	99.13
seq_L_lactis_lactis_ORF2_1	WP_128268084.1	99.130	115	1	0	1	115	131	245	3.91e-67	234	100.00
seq_L_lactis_lactis_ORF2_1	WP_060416376.1	98.261	115	2	0	1	115	131	245	4.76e-67	234	100.00
seq_L_lactis_lactis_ORF2_1	5XHB_A	99.130	115	1	0	1	115	113	227	7.41e-67	233	99.13
seq_L_lactis_lactis_ORF2_1	WP_278200164.1	99.130	115	1	0	1	115	131	245	1.09e-66	233	99.13
seq_L_lactis_lactis_ORF2_1	WP_058208041.1	99.130	115	1	0	1	115	131	245	1.21e-66	233	99.13
seq_L_lactis_lactis_ORF2_1	WP_058219591.1	99.130	115	1	0	1	115	131	245	1.31e-66	233	99.13
seq_L_lactis_lactis_ORF2_1	WP_063280706.1	98.261	115	2	0	1	115	131	245	1.39e-66	233	100.00
seq_L_lactis_lactis_ORF2_1	WP_301503521.1	98.261	115	2	0	1	115	131	245	1.50e-66	233	100.00
seq_L_lactis_lactis_ORF2_1	WP_042748180.1	98.261	115	2	0	1	115	131	245	1.53e-66	233	100.00
seq_L_lactis_lactis_ORF2_1	WP_200984849.1	99.130	115	1	0	1	115	131	245	2.73e-66	232	99.13
seq_L_lactis_lactis_ORF2_1	WP_259692729.1	97.391	115	3	0	1	115	131	245	8.96e-66	231	99.13
seq_L_lactis_lactis_ORF2_1	WP_301675799.1	98.261	115	2	0	1	115	131	245	8.96e-66	231	98.26
seq_L_lactis_lactis_ORF2_1	WP_058205263.1	98.261	115	2	0	1	115	131	245	1.08e-65	231	98.26
seq_L_lactis_lactis_ORF2_1	WP_139008743.1	75.439	114	28	0	2	115	132	245	5.64e-50	188	88.60
seq_L_lactis_lactis_ORF2_1	WP_236620809.1	100.000	70	0	0	46	115	11	80	2.20e-36	144	100.00
seq_L_lactis_lactis_ORF2_1	WP_003073040.1	58.182	110	46	0	6	115	135	244	5.37e-32	137	78.18
seq_L_lactis_lactis_ORF2_1	WP_151620471.1	58.182	110	46	0	6	115	135	244	7.90e-32	137	78.18
seq_L_lactis_lactis_ORF2_1	RSJ10160.1	58.182	110	46	0	6	115	35	144	8.38e-32	133	78.18
seq_L_lactis_lactis_ORF2_1	WP_020998761.1	58.182	110	46	0	6	115	135	244	8.54e-32	137	78.18
seq_L_lactis_lactis_ORF2_1	WP_125364051.1	57.273	110	47	0	6	115	135	244	2.85e-31	135	78.18
seq_L_lactis_lactis_ORF2_1	WP_096362742.1	58.182	110	46	0	6	115	135	244	3.02e-31	135	78.18
seq_L_lactis_lactis_ORF2_1	WP_125396440.1	57.273	110	47	0	6	115	135	244	7.41e-31	134	77.27
seq_L_lactis_lactis_ORF2_1	MDR2976537.1	50.485	103	51	0	9	111	114	216	9.27e-24	112	70.87
seq_L_lactis_lactis_ORF2_1	WP_075105355.1	40.952	105	62	0	8	112	132	236	3.38e-17	94.4	66.67
seq_L_lactis_lactis_ORF2_1	WP_135182770.1	40.952	105	62	0	8	112	132	236	1.76e-16	92.4	64.76
seq_L_lactis_lactis_ORF2_1	WP_236620808.1	97.727	44	1	0	1	44	131	174	5.76e-16	89.4	97.73
seq_L_lactis_lactis_ORF2_1	WP_074668836.1	42.424	99	57	0	12	110	143	241	1.94e-13	83.6	63.64
seq_L_lactis_lactis_ORF2_1	WP_024343845.1	42.424	99	57	0	12	110	143	241	2.02e-13	83.6	63.64
seq_L_lactis_lactis_ORF2_1	WP_312941983.1	35.849	106	67	1	7	111	150	255	1.72e-12	81.3	60.38
seq_L_lactis_lactis_ORF2_1	WP_099203873.1	35.780	109	69	1	6	113	165	273	8.62e-12	79.3	66.06
seq_L_lactis_lactis_ORF2_1	NSG14038.1	34.234	111	73	0	2	112	158	268	8.69e-12	79.3	58.56
seq_L_lactis_lactis_ORF2_1	WP_317428717.1	34.234	111	73	0	2	112	158	268	9.11e-12	79.3	58.56
seq_L_lactis_lactis_ORF2_1	MEF2952966.1	34.234	111	73	0	2	112	158	268	1.09e-11	79.3	58.56
seq_L_lactis_lactis_ORF2_1	WP_330059990.1	34.234	111	73	0	2	112	158	268	1.11e-11	79.0	58.56
seq_L_lactis_lactis_ORF2_1	WP_020073082.1	35.922	103	65	1	10	111	169	271	2.65e-11	78.2	63.11
seq_L_lactis_lactis_ORF2_1	WP_326839711.1	35.922	103	65	1	10	111	169	271	3.02e-11	77.8	63.11
seq_L_lactis_lactis_ORF2_1	WP_032078451.1	34.906	106	68	1	6	110	165	270	3.11e-11	77.8	63.21
seq_L_lactis_lactis_ORF2_1	MEA4919959.1	37.383	107	66	1	6	111	179	285	3.97e-11	77.8	61.68
seq_L_lactis_lactis_ORF2_1	WP_131022230.1	35.922	103	66	0	10	112	166	268	7.03e-11	76.6	60.19
seq_L_lactis_lactis_ORF2_1	WP_029161046.1	34.906	106	68	1	6	110	165	270	7.40e-11	76.6	62.26
seq_L_lactis_lactis_ORF2_1	WP_077718113.1	35.922	103	66	0	10	112	166	268	1.00e-10	76.3	60.19
seq_L_lactis_lactis_ORF2_1	HEL0601838.1	39.604	101	58	1	10	110	138	235	5.66e-10	73.6	60.40
seq_L_lactis_lactis_ORF2_1	WP_242257952.1	36.634	101	61	1	10	110	150	247	8.50e-10	73.2	60.40
seq_L_lactis_lactis_ORF2_1	WP_244862330.1	36.634	101	61	1	10	110	22	119	9.26e-10	69.7	60.40
seq_L_lactis_lactis_ORF2_1	RGY90894.1	33.654	104	69	0	9	112	165	268	1.09e-09	73.2	57.69
seq_L_lactis_lactis_ORF2_1	WP_118383286.1	33.654	104	69	0	9	112	165	268	1.14e-09	73.2	57.69
seq_L_lactis_lactis_ORF2_1	WP_270604070.1	33.654	104	69	0	9	112	165	268	1.34e-09	72.8	57.69
seq_L_lactis_lactis_ORF2_1	WP_237949105.1	35.165	91	59	0	22	112	14	104	1.41e-09	68.6	59.34
seq_L_lactis_lactis_ORF2_1	MCB6935418.1	35.165	91	59	0	22	112	5	95	1.80e-09	67.8	59.34
seq_L_lactis_lactis_ORF2_1	MDO4275240.1	41.860	86	49	1	26	110	185	270	3.57e-09	71.6	59.30
seq_L_lactis_lactis_ORF2_1	WP_117441260.1	33.654	104	69	0	7	110	165	268	3.64e-09	71.6	60.58
seq_L_lactis_lactis_ORF2_1	HEK9983018.1	38.614	101	59	1	10	110	138	235	3.75e-09	70.9	59.41
seq_L_lactis_lactis_ORF2_1	HRX58429.1	35.514	107	68	1	6	111	165	271	3.84e-09	71.6	59.81
seq_L_lactis_lactis_ORF2_1	HEL0588111.1	38.614	101	59	1	10	110	90	187	5.29e-09	69.3	59.41
seq_L_lactis_lactis_ORF2_1	WP_119988950.1	29.091	110	78	0	1	110	149	258	6.59e-09	70.9	59.09
seq_L_lactis_lactis_ORF2_1	WP_049523508.1	34.615	104	65	1	7	110	135	235	6.85e-09	70.1	61.54
seq_L_lactis_lactis_ORF2_1	WP_302465867.1	37.209	86	54	0	27	112	1	86	7.15e-09	65.9	58.14
seq_L_lactis_lactis_ORF2_1	WP_370811248.1	32.110	109	74	0	2	110	160	268	9.04e-09	70.5	58.72
seq_L_lactis_lactis_ORF2_1	WP_117660685.1	32.110	109	74	0	2	110	160	268	9.21e-09	70.5	58.72
seq_L_lactis_lactis_ORF2_1	WP_244093782.1	33.636	110	72	1	2	110	8	117	1.04e-08	66.6	54.55
seq_L_lactis_lactis_ORF2_1	WP_250799409.1	32.692	104	70	0	7	110	165	268	1.08e-08	70.1	59.62
seq_L_lactis_lactis_ORF2_1	WP_117657550.1	32.075	106	72	0	7	112	165	270	1.10e-08	70.1	58.49
seq_L_lactis_lactis_ORF2_1	WP_215689903.1	32.110	109	74	0	2	110	160	268	1.29e-08	70.1	58.72
seq_L_lactis_lactis_ORF2_1	WP_059086023.1	32.110	109	74	0	2	110	160	268	1.43e-08	70.1	57.80
seq_L_lactis_lactis_ORF2_1	WP_055057795.1	32.110	109	74	0	2	110	160	268	1.51e-08	69.7	58.72
seq_L_lactis_lactis_ORF2_1	WP_096239375.1	32.692	104	70	0	7	110	165	268	1.51e-08	69.7	59.62
seq_L_lactis_lactis_ORF2_1	WP_117528060.1	32.692	104	70	0	7	110	165	268	1.55e-08	69.7	59.62
seq_L_lactis_lactis_ORF2_1	WP_005347160.1	32.692	104	70	0	7	110	165	268	1.61e-08	69.7	59.62
seq_L_lactis_lactis_ORF2_1	WP_314724966.1	36.364	110	69	1	2	110	161	270	1.73e-08	69.7	56.36
seq_L_lactis_lactis_ORF2_1	WP_009296717.1	36.364	110	69	1	2	110	161	270	1.76e-08	69.7	56.36
seq_L_lactis_lactis_ORF2_1	MDU7633272.1	34.951	103	67	0	10	112	167	269	1.84e-08	69.7	58.25
seq_L_lactis_lactis_ORF2_1	WP_055654171.1	32.692	104	70	0	7	110	165	268	2.29e-08	69.3	58.65
seq_L_lactis_lactis_ORF2_1	WP_117982509.1	32.075	106	72	0	7	112	165	270	2.61e-08	69.3	58.49
seq_L_lactis_lactis_ORF2_1	WP_026649303.1	32.692	104	70	0	7	110	165	268	2.78e-08	68.9	58.65
seq_L_lactis_lactis_ORF2_1	WP_177284916.1	31.532	111	76	0	2	112	160	270	3.47e-08	68.9	59.46
seq_L_lactis_lactis_ORF2_1	WP_118659947.1	31.532	111	76	0	2	112	160	270	3.57e-08	68.6	59.46
seq_L_lactis_lactis_ORF2_1	WP_005423210.1	32.692	104	70	0	7	110	165	268	3.60e-08	68.6	59.62
seq_L_lactis_lactis_ORF2_1	WP_066547258.1	41.860	86	49	1	26	110	185	270	3.63e-08	68.6	60.47
seq_L_lactis_lactis_ORF2_1	WP_173689552.1	31.532	111	76	0	2	112	160	270	3.67e-08	68.6	59.46
seq_L_lactis_lactis_ORF2_1	WP_390108327.1	41.860	86	49	1	26	110	185	270	3.77e-08	68.6	60.47
seq_L_lactis_lactis_ORF2_1	WP_343019233.1	39.080	87	53	0	24	110	182	268	4.46e-08	68.6	58.62
seq_L_lactis_lactis_ORF2_1	WP_117739186.1	39.080	87	53	0	24	110	182	268	4.59e-08	68.6	58.62
seq_L_lactis_lactis_ORF2_1	ABA00882.1	34.259	108	68	1	3	110	131	235	4.61e-08	67.8	59.26


